image: /home/rithvikreddy/map_t2_karto.pgm
resolution: 0.050000
origin: [0.105919, -5.085655, 0.000000]
negate: 0
occupied_thresh: 0.65
free_thresh: 0.196

